 0,  1,    41
 2,  3,    51
 4,  5,    50
 6,  7,    36
 8,  9,    38
10, 11,    45
12, 13,    21
14, 15,    32
16, 17,    32
18, 19,    49
20, 21,    30
22, 23,    19
24, 25,    26
 1,  2,    -1
 1, 14,    -1
 1, 20,    -1
 3,  8,    -1
 3, 24,    -1
 5,  6,    -1
11, 14,    -1
13, 10,    -1
13, 18,    -1
19, 22,    -1
21, 24,    -1
26,  0,    -1
26,  2,    -1
26,  4,    -1
26,  6,    -1
26,  8,    -1
26, 10,    -1
26, 12,    -1
26, 14,    -1
26, 16,    -1
26, 18,    -1
26, 20,    -1
26, 22,    -1
26, 24,    -1
 1, 27,    -1
 3, 27,    -1
 5, 27,    -1
 7, 27,    -1
 9, 27,    -1
11, 27,    -1
13, 27,    -1
15, 27,    -1
17, 27,    -1
19, 27,    -1
21, 27,    -1
23, 27,    -1
25, 27,    -1